11011001110000110101001000101110
11101101100111000011010100100010
00101110110110011100001101010010
00100010111011011001110000110101
01010010001011101101100111000011
00110101001000101110110110011100
11000011010100100010111011011001
10011100001101010010001011101101
10001100100101100000011101111011
10111000110010010110000001110111
01111011100011001001011000000111
01110111101110001100100101100000
00000111011110111000110010010110
01100000011101111011100011001001
10010110000001110111101110001100
11001001011000000111011110111000
